initial matrix
MATRIX:
1.000000 2.000000 3.000000 4.000000 5.000000 6.000000 
7.000000 8.000000 9.000000 10.000000 11.000000 12.000000 
-3.000000 4.000000 -6.000000 -8.000000 -9.000000 10.000000 
5.000000 7.000000 -4.000000 -4.000000 -10.000000 -1.000000 
6.000000 8.000000 9.000000 12.000000 1.000000 -1.000000 

swapped 0 and 4
MATRIX:
6.000000 8.000000 9.000000 12.000000 1.000000 -1.000000 
7.000000 8.000000 9.000000 10.000000 11.000000 12.000000 
-3.000000 4.000000 -6.000000 -8.000000 -9.000000 10.000000 
5.000000 7.000000 -4.000000 -4.000000 -10.000000 -1.000000 
1.000000 2.000000 3.000000 4.000000 5.000000 6.000000 

row 0 /= 6.000000
MATRIX:
1.000000 1.333333 1.500000 2.000000 0.166667 -0.166667 
7.000000 8.000000 9.000000 10.000000 11.000000 12.000000 
-3.000000 4.000000 -6.000000 -8.000000 -9.000000 10.000000 
5.000000 7.000000 -4.000000 -4.000000 -10.000000 -1.000000 
1.000000 2.000000 3.000000 4.000000 5.000000 6.000000 

row 1 -= 7.000000 row 0
MATRIX:
1.000000 1.333333 1.500000 2.000000 0.166667 -0.166667 
0.000000 -1.333333 -1.500000 -4.000000 9.833333 13.166667 
-3.000000 4.000000 -6.000000 -8.000000 -9.000000 10.000000 
5.000000 7.000000 -4.000000 -4.000000 -10.000000 -1.000000 
1.000000 2.000000 3.000000 4.000000 5.000000 6.000000 

row 2 -= -3.000000 row 0
MATRIX:
1.000000 1.333333 1.500000 2.000000 0.166667 -0.166667 
0.000000 -1.333333 -1.500000 -4.000000 9.833333 13.166667 
0.000000 8.000000 -1.500000 -2.000000 -8.500000 9.500000 
5.000000 7.000000 -4.000000 -4.000000 -10.000000 -1.000000 
1.000000 2.000000 3.000000 4.000000 5.000000 6.000000 

row 3 -= 5.000000 row 0
MATRIX:
1.000000 1.333333 1.500000 2.000000 0.166667 -0.166667 
0.000000 -1.333333 -1.500000 -4.000000 9.833333 13.166667 
0.000000 8.000000 -1.500000 -2.000000 -8.500000 9.500000 
0.000000 0.333333 -11.500000 -14.000000 -10.833333 -0.166667 
1.000000 2.000000 3.000000 4.000000 5.000000 6.000000 

row 4 -= 1.000000 row 0
MATRIX:
1.000000 1.333333 1.500000 2.000000 0.166667 -0.166667 
0.000000 -1.333333 -1.500000 -4.000000 9.833333 13.166667 
0.000000 8.000000 -1.500000 -2.000000 -8.500000 9.500000 
0.000000 0.333333 -11.500000 -14.000000 -10.833333 -0.166667 
0.000000 0.666667 1.500000 2.000000 4.833333 6.166667 

swapped 1 and 4
MATRIX:
1.000000 1.333333 1.500000 2.000000 0.166667 -0.166667 
0.000000 0.666667 1.500000 2.000000 4.833333 6.166667 
0.000000 8.000000 -1.500000 -2.000000 -8.500000 9.500000 
0.000000 0.333333 -11.500000 -14.000000 -10.833333 -0.166667 
0.000000 -1.333333 -1.500000 -4.000000 9.833333 13.166667 

row 1 /= 0.666667
MATRIX:
1.000000 1.333333 1.500000 2.000000 0.166667 -0.166667 
0.000000 1.000000 2.250000 3.000000 7.250000 9.250000 
0.000000 8.000000 -1.500000 -2.000000 -8.500000 9.500000 
0.000000 0.333333 -11.500000 -14.000000 -10.833333 -0.166667 
0.000000 -1.333333 -1.500000 -4.000000 9.833333 13.166667 

row 0 -= 1.333333 row 1
MATRIX:
1.000000 0.000000 -1.500000 -2.000000 -9.500000 -12.500000 
0.000000 1.000000 2.250000 3.000000 7.250000 9.250000 
0.000000 8.000000 -1.500000 -2.000000 -8.500000 9.500000 
0.000000 0.333333 -11.500000 -14.000000 -10.833333 -0.166667 
0.000000 -1.333333 -1.500000 -4.000000 9.833333 13.166667 

row 2 -= 8.000000 row 1
MATRIX:
1.000000 0.000000 -1.500000 -2.000000 -9.500000 -12.500000 
0.000000 1.000000 2.250000 3.000000 7.250000 9.250000 
0.000000 0.000000 -19.500000 -26.000000 -66.500000 -64.500000 
0.000000 0.333333 -11.500000 -14.000000 -10.833333 -0.166667 
0.000000 -1.333333 -1.500000 -4.000000 9.833333 13.166667 

row 3 -= 0.333333 row 1
MATRIX:
1.000000 0.000000 -1.500000 -2.000000 -9.500000 -12.500000 
0.000000 1.000000 2.250000 3.000000 7.250000 9.250000 
0.000000 0.000000 -19.500000 -26.000000 -66.500000 -64.500000 
0.000000 0.000000 -12.250000 -15.000000 -13.250000 -3.250000 
0.000000 -1.333333 -1.500000 -4.000000 9.833333 13.166667 

row 4 -= -1.333333 row 1
MATRIX:
1.000000 0.000000 -1.500000 -2.000000 -9.500000 -12.500000 
0.000000 1.000000 2.250000 3.000000 7.250000 9.250000 
0.000000 0.000000 -19.500000 -26.000000 -66.500000 -64.500000 
0.000000 0.000000 -12.250000 -15.000000 -13.250000 -3.250000 
0.000000 0.000000 1.500000 -0.000000 19.500000 25.500000 

swapped 2 and 4
MATRIX:
1.000000 0.000000 -1.500000 -2.000000 -9.500000 -12.500000 
0.000000 1.000000 2.250000 3.000000 7.250000 9.250000 
0.000000 0.000000 1.500000 -0.000000 19.500000 25.500000 
0.000000 0.000000 -12.250000 -15.000000 -13.250000 -3.250000 
0.000000 0.000000 -19.500000 -26.000000 -66.500000 -64.500000 

row 2 /= 1.500000
MATRIX:
1.000000 0.000000 -1.500000 -2.000000 -9.500000 -12.500000 
0.000000 1.000000 2.250000 3.000000 7.250000 9.250000 
0.000000 0.000000 1.000000 -0.000000 13.000000 17.000000 
0.000000 0.000000 -12.250000 -15.000000 -13.250000 -3.250000 
0.000000 0.000000 -19.500000 -26.000000 -66.500000 -64.500000 

row 0 -= -1.500000 row 2
MATRIX:
1.000000 0.000000 0.000000 -2.000000 10.000000 13.000000 
0.000000 1.000000 2.250000 3.000000 7.250000 9.250000 
0.000000 0.000000 1.000000 -0.000000 13.000000 17.000000 
0.000000 0.000000 -12.250000 -15.000000 -13.250000 -3.250000 
0.000000 0.000000 -19.500000 -26.000000 -66.500000 -64.500000 

row 1 -= 2.250000 row 2
MATRIX:
1.000000 0.000000 0.000000 -2.000000 10.000000 13.000000 
0.000000 1.000000 0.000000 3.000000 -22.000000 -29.000000 
0.000000 0.000000 1.000000 -0.000000 13.000000 17.000000 
0.000000 0.000000 -12.250000 -15.000000 -13.250000 -3.250000 
0.000000 0.000000 -19.500000 -26.000000 -66.500000 -64.500000 

row 3 -= -12.250000 row 2
MATRIX:
1.000000 0.000000 0.000000 -2.000000 10.000000 13.000000 
0.000000 1.000000 0.000000 3.000000 -22.000000 -29.000000 
0.000000 0.000000 1.000000 -0.000000 13.000000 17.000000 
0.000000 0.000000 0.000000 -15.000000 146.000000 205.000000 
0.000000 0.000000 -19.500000 -26.000000 -66.500000 -64.500000 

row 4 -= -19.500000 row 2
MATRIX:
1.000000 0.000000 0.000000 -2.000000 10.000000 13.000000 
0.000000 1.000000 0.000000 3.000000 -22.000000 -29.000000 
0.000000 0.000000 1.000000 -0.000000 13.000000 17.000000 
0.000000 0.000000 0.000000 -15.000000 146.000000 205.000000 
0.000000 0.000000 0.000000 -26.000000 187.000000 267.000000 

swapped 3 and 4
MATRIX:
1.000000 0.000000 0.000000 -2.000000 10.000000 13.000000 
0.000000 1.000000 0.000000 3.000000 -22.000000 -29.000000 
0.000000 0.000000 1.000000 -0.000000 13.000000 17.000000 
0.000000 0.000000 0.000000 -26.000000 187.000000 267.000000 
0.000000 0.000000 0.000000 -15.000000 146.000000 205.000000 

row 3 /= -26.000000
MATRIX:
1.000000 0.000000 0.000000 -2.000000 10.000000 13.000000 
0.000000 1.000000 0.000000 3.000000 -22.000000 -29.000000 
0.000000 0.000000 1.000000 -0.000000 13.000000 17.000000 
0.000000 0.000000 0.000000 1.000000 -7.192308 -10.269231 
0.000000 0.000000 0.000000 -15.000000 146.000000 205.000000 

row 0 -= -2.000000 row 3
MATRIX:
1.000000 0.000000 0.000000 0.000000 -4.384615 -7.538462 
0.000000 1.000000 0.000000 3.000000 -22.000000 -29.000000 
0.000000 0.000000 1.000000 -0.000000 13.000000 17.000000 
0.000000 0.000000 0.000000 1.000000 -7.192308 -10.269231 
0.000000 0.000000 0.000000 -15.000000 146.000000 205.000000 

row 1 -= 3.000000 row 3
MATRIX:
1.000000 0.000000 0.000000 0.000000 -4.384615 -7.538462 
0.000000 1.000000 0.000000 0.000000 -0.423077 1.807692 
0.000000 0.000000 1.000000 -0.000000 13.000000 17.000000 
0.000000 0.000000 0.000000 1.000000 -7.192308 -10.269231 
0.000000 0.000000 0.000000 -15.000000 146.000000 205.000000 

row 2 -= -0.000000 row 3
MATRIX:
1.000000 0.000000 0.000000 0.000000 -4.384615 -7.538462 
0.000000 1.000000 0.000000 0.000000 -0.423077 1.807692 
0.000000 0.000000 1.000000 0.000000 13.000000 17.000000 
0.000000 0.000000 0.000000 1.000000 -7.192308 -10.269231 
0.000000 0.000000 0.000000 -15.000000 146.000000 205.000000 

row 4 -= -15.000000 row 3
MATRIX:
1.000000 0.000000 0.000000 0.000000 -4.384615 -7.538462 
0.000000 1.000000 0.000000 0.000000 -0.423077 1.807692 
0.000000 0.000000 1.000000 0.000000 13.000000 17.000000 
0.000000 0.000000 0.000000 1.000000 -7.192308 -10.269231 
0.000000 0.000000 0.000000 0.000000 38.115385 50.961538 

swapped 4 and 4
MATRIX:
1.000000 0.000000 0.000000 0.000000 -4.384615 -7.538462 
0.000000 1.000000 0.000000 0.000000 -0.423077 1.807692 
0.000000 0.000000 1.000000 0.000000 13.000000 17.000000 
0.000000 0.000000 0.000000 1.000000 -7.192308 -10.269231 
0.000000 0.000000 0.000000 0.000000 38.115385 50.961538 

row 4 /= 38.115385
MATRIX:
1.000000 0.000000 0.000000 0.000000 -4.384615 -7.538462 
0.000000 1.000000 0.000000 0.000000 -0.423077 1.807692 
0.000000 0.000000 1.000000 0.000000 13.000000 17.000000 
0.000000 0.000000 0.000000 1.000000 -7.192308 -10.269231 
0.000000 0.000000 0.000000 0.000000 1.000000 1.337033 

row 0 -= -4.384615 row 4
MATRIX:
1.000000 0.000000 0.000000 0.000000 0.000000 -1.676085 
0.000000 1.000000 0.000000 0.000000 -0.423077 1.807692 
0.000000 0.000000 1.000000 0.000000 13.000000 17.000000 
0.000000 0.000000 0.000000 1.000000 -7.192308 -10.269231 
0.000000 0.000000 0.000000 0.000000 1.000000 1.337033 

row 1 -= -0.423077 row 4
MATRIX:
1.000000 0.000000 0.000000 0.000000 0.000000 -1.676085 
0.000000 1.000000 0.000000 0.000000 0.000000 2.373360 
0.000000 0.000000 1.000000 0.000000 13.000000 17.000000 
0.000000 0.000000 0.000000 1.000000 -7.192308 -10.269231 
0.000000 0.000000 0.000000 0.000000 1.000000 1.337033 

row 2 -= 13.000000 row 4
MATRIX:
1.000000 0.000000 0.000000 0.000000 0.000000 -1.676085 
0.000000 1.000000 0.000000 0.000000 0.000000 2.373360 
0.000000 0.000000 1.000000 0.000000 0.000000 -0.381433 
0.000000 0.000000 0.000000 1.000000 -7.192308 -10.269231 
0.000000 0.000000 0.000000 0.000000 1.000000 1.337033 

row 3 -= -7.192308 row 4
MATRIX:
1.000000 0.000000 0.000000 0.000000 0.000000 -1.676085 
0.000000 1.000000 0.000000 0.000000 0.000000 2.373360 
0.000000 0.000000 1.000000 0.000000 0.000000 -0.381433 
0.000000 0.000000 0.000000 1.000000 0.000000 -0.652876 
0.000000 0.000000 0.000000 0.000000 1.000000 1.337033 

-1.676085 2.373360 -0.381433 -0.652876 1.337033 
